		FMM:			BMM:

precision:		0.9782018132719164	0.9798081536923015

recall:		0.9705773474763295	0.9721310600128141

F:		0.9743746652724432	0.9759545096182408